author,comment_date,comment_nickname,comment_rating,comment_rel,comment_time,post_date,post_id,post_time,status,title
ComodoHacker,04-04-15,MichaelBorisov,–1,8361233,16:16,2015-04-4,254907,15:09,ok,Web Bundle — дело RarJPEG живет
ComodoHacker,05-04-15,Maccimo,0,8361743,08:03,2015-04-4,254907,15:09,ok,Web Bundle — дело RarJPEG живет
ComodoHacker,04-04-15,iSage,+5,8361259,16:44,2015-04-4,254907,15:09,ok,Web Bundle — дело RarJPEG живет
ComodoHacker,04-04-15,ComodoHacker,0,8361301,17:28,2015-04-4,254907,15:09,ok,Web Bundle — дело RarJPEG живет
ComodoHacker,04-04-15,Jeditobe,0,8361543,22:34,2015-04-4,254907,15:09,ok,Web Bundle — дело RarJPEG живет
ComodoHacker,04-04-15,Jeditobe,0,8361547,22:39,2015-04-4,254907,15:09,ok,Web Bundle — дело RarJPEG живет
ComodoHacker,04-04-15,Goodkat,+5,8361411,20:14,2015-04-4,254907,15:09,ok,Web Bundle — дело RarJPEG живет
ComodoHacker,04-04-15,binarydao,+1,8361419,20:33,2015-04-4,254907,15:09,ok,Web Bundle — дело RarJPEG живет
ComodoHacker,05-04-15,DarkByte,0,8361729,06:45,2015-04-4,254907,15:09,ok,Web Bundle — дело RarJPEG живет
ComodoHacker,05-04-15,Goodkat,0,8362329,21:33,2015-04-4,254907,15:09,ok,Web Bundle — дело RarJPEG живет
ComodoHacker,05-04-15,bolk,0,8362379,22:47,2015-04-4,254907,15:09,ok,Web Bundle — дело RarJPEG живет
ComodoHacker,04-04-15,elmortem,+4,8361431,20:49,2015-04-4,254907,15:09,ok,Web Bundle — дело RarJPEG живет
ComodoHacker,04-04-15,rumkin,0,8361477,21:25,2015-04-4,254907,15:09,ok,Web Bundle — дело RarJPEG живет
ComodoHacker,05-04-15,DjPhoeniX,+3,8361667,00:36,2015-04-4,254907,15:09,ok,Web Bundle — дело RarJPEG живет
ComodoHacker,05-04-15,ComodoHacker,+1,8361735,07:20,2015-04-4,254907,15:09,ok,Web Bundle — дело RarJPEG живет
ComodoHacker,05-04-15,DjPhoeniX,0,8361987,15:20,2015-04-4,254907,15:09,ok,Web Bundle — дело RarJPEG живет
ComodoHacker,05-04-15,grossws,0,8362281,20:40,2015-04-4,254907,15:09,ok,Web Bundle — дело RarJPEG живет
ComodoHacker,05-04-15,DarkByte,0,8362335,21:40,2015-04-4,254907,15:09,ok,Web Bundle — дело RarJPEG живет
ComodoHacker,05-04-15,grossws,0,8362361,22:30,2015-04-4,254907,15:09,ok,Web Bundle — дело RarJPEG живет
ComodoHacker,05-04-15,roman01la,0,8361963,14:43,2015-04-4,254907,15:09,ok,Web Bundle — дело RarJPEG живет
ComodoHacker,05-04-15,RPG,0,8362425,23:35,2015-04-4,254907,15:09,ok,Web Bundle — дело RarJPEG живет
ComodoHacker,06-04-15,ComodoHacker,0,8362549,05:45,2015-04-4,254907,15:09,ok,Web Bundle — дело RarJPEG живет
ComodoHacker,06-04-15,subzey,0,8362469,00:44,2015-04-4,254907,15:09,ok,Web Bundle — дело RarJPEG живет
